# This file may be used to create an environment using:
# $ conda create --name <env> --file <this file>
# platform: win-64
brotlipy=0.7.0=py39h2bbff1b_1003
ca-certificates=2021.7.5=haa95532_1
certifi=2021.5.30=py39haa95532_0
cffi=1.14.5=py39hcd4344a_0
chardet=4.0.0=py39haa95532_1003
cryptography=3.4.7=py39h71e12ea_0
cycler=0.10.0=py_2
freetype=2.10.4=h546665d_1
idna=2.10=pyhd3eb1b0_0
intel-openmp=2021.3.0=h57928b3_3372
jbig=2.1=h8d14728_2003
jpeg=9d=h8ffe710_0
kiwisolver=1.3.1=py39h2e07f2f_1
lcms2=2.12=h2a16943_0
lerc=2.2.1=h0e60522_0
libblas=3.9.0=9_mkl
libcblas=3.9.0=9_mkl
libdeflate=1.7=h8ffe710_5
libiconv=1.15=h1df5818_7
liblapack=3.9.0=9_mkl
libpng=1.6.37=h1d00b33_2
libtiff=4.3.0=h0c97f57_1
libxml2=2.9.12=h0ad7f3c_0
libxslt=1.1.34=he774522_0
lxml=4.6.3=py39h9b66d53_0
lz4-c=1.9.3=h8ffe710_0
matplotlib-base=3.4.2=py39h581301d_0
mkl=2021.2.0=hb70f87d_389
mplfinance=0.12.7a17=pyhd8ed1ab_0
numpy=1.21.0=py39h6635163_0
olefile=0.46=pyh9f0ad1d_1
openjpeg=2.4.0=hb211442_1
openssl=1.1.1k=h2bbff1b_0
pandas=1.3.0=py39h2e25243_0
pillow=8.3.1=py39h916092e_0
pip=21.1.3=pyhd8ed1ab_0
pycparser=2.20=py_2
pyopenssl=20.0.1=pyhd3eb1b0_1
pyparsing=2.4.7=pyh9f0ad1d_0
pysocks=1.7.1=py39haa95532_0
python=3.9.6=h7840368_0_cpython
python-dateutil=2.8.1=py_0
python_abi=3.9=2_cp39
pytz=2021.1=pyhd8ed1ab_0
requests=2.25.1=pyhd3eb1b0_0
setuptools=49.6.0=py39hcbf5309_3
six=1.16.0=pyh6c4a22f_0
sqlite=3.36.0=h8ffe710_0
tbb=2021.3.0=h2d74725_0
tk=8.6.10=h8ffe710_1
tornado=6.1=py39hb82d6ee_1
tzdata=2021a=he74cb21_1
ucrt=10.0.20348.0=h57928b3_0
urllib3=1.26.6=pyhd3eb1b0_1
vc=14.2=hb210afc_5
vs2015_runtime=14.29.30037=h902a5da_5
wheel=0.36.2=pyhd3deb0d_0
win_inet_pton=1.1.0=py39haa95532_0
wincertstore=0.2=py39hcbf5309_1006
xz=5.2.5=h62dcd97_1
zlib=1.2.11=h62dcd97_1010
zstd=1.5.0=h6255e5f_0
